{
 "cells": [
  {
   "cell_type": "code",
   "execution_count": 1,
   "metadata": {},
   "outputs": [],
   "source": [
    "import numpy as np\n",
    "import copy"
   ]
  },
  {
   "cell_type": "code",
   "execution_count": 4,
   "metadata": {},
   "outputs": [],
   "source": [
    "def añadir_variables_artificiales(A, b):\n",
    "    vars = []\n",
    "    for v in b:\n",
    "        if v >= 0:\n",
    "            vars.append(1)\n",
    "        else:\n",
    "            vars.append(-1)\n",
    "    array = np.array(vars)\n",
    "    # Crear una matriz diagonal\n",
    "    matriz_diagonal = np.diag(array)\n",
    "    # Usamos np.hstack para apilar horizontalmente\n",
    "    resultado = np.hstack((A, matriz_diagonal))\n",
    "    return resultado\n",
    "\n",
    "r = añadir_variables_artificiales(A, b)"
   ]
  },
  {
   "cell_type": "code",
   "execution_count": null,
   "metadata": {},
   "outputs": [],
   "source": [
    "def SimplexFaseII(A, b, c, B_ini, B_indices,B_inv):\n",
    "    bool_acotado = True\n",
    "    m,n = A.shape\n",
    "    N_ini = set(i for i in range(n) if i not in B_indices) # Antes:(n+1)\n",
    "    \n",
    "    x_ini = np.zeros(n)  # Crear un array de ceros en lugar de una lista\n",
    "    x_b = B_inv @ b  # Multiplicación de matrices en NumPy\n",
    "    x_ini[B_indices] = x_b # Asignar los valores de x_b en las posiciones correspondientes\n",
    "\n",
    "    def actualizacion_inversa(d,inv_anterior,p):\n",
    "        d = d.T.tolist()\n",
    "        vector_n = np.array([[-d[i]/d[p] if i != p else -1/d[p] for i in range(len(d))]])\n",
    "        e = np.identity(len(d))\n",
    "        e[p] = vector_n\n",
    "        e = e.T\n",
    "        inversa = e @ inv_anterior \n",
    "        return inversa\n",
    "\n",
    "    iter = 1\n",
    "    while True:#####################################################################################\n",
    "        print(\"ITERACION\", iter)\n",
    "        B_may = A[:, B_indices]\n",
    "        N_ini = sorted(N_ini)\n",
    "        A_n = A[:, N_ini]\n",
    "        cn = np.array([c[i] for i in N_ini])\n",
    "        cb = np.array([c[i] for i in B_indices])\n",
    "        z = cb @ x_b\n",
    "        \n",
    "        print(\"B_indices\", B_indices)\n",
    "        print(\"B_may\", B_may)\n",
    "        print(\"A_n\", A_n)\n",
    "        print(\"cn\", cn)\n",
    "        print(\"cb\", cb)\n",
    "        print(\"Z\", z)\n",
    "        print(\"B_inversa\",B_inv)\n",
    "        #costes reducidos\n",
    "        r = cn - cb @ B_inv @ A_n # r corresponde a las variables de los indices N_ini\n",
    "        print(\"coste reducido\", r)\n",
    "        if np.all(r >= 0):\n",
    "            return B_indices, z, bool_acotado, B_may, B_inv\n",
    "        i = 0\n",
    "        minimo = float('inf')\n",
    "        for j in range(len(r)):\n",
    "            if r[j] < minimo:\n",
    "                minimo = r[j]\n",
    "                i = j\n",
    "        q = N_ini[i] # variable q tiene que entrar en la base \n",
    "        print(\"Variable q de entrada\", i, \"x\", q,\"sale de la base N\")\n",
    "        #direccion de descenso \n",
    "        d_b = -B_inv @ A[:, q]\n",
    "        print(\"direccion de descenso\", d_b)\n",
    "        if np.all(d_b >= 0):\n",
    "            print(\"PL NO ACOTADO\")\n",
    "            bool_acotado = False\n",
    "            return None, None, bool_acotado, None, None\n",
    "        d = np.zeros(n)  \n",
    "        d[B_indices] = d_b\n",
    "        d[q] = 1\n",
    "        print(\"d\", d)\n",
    "    \n",
    "        p = 0\n",
    "        theta = float('inf')\n",
    "        for w in range(len(d_b)):\n",
    "            if d_b[w] < 0:\n",
    "                val = -x_b[w]/d_b[w]\n",
    "                if val < theta:\n",
    "                    theta, p = val, w\n",
    "                elif val == theta:  # Si hay empate, elegimos el menor índice en B_indices (regla de Blant)\n",
    "                    if B_indices[w] < B_indices[p]:  \n",
    "                        p = w\n",
    "        print(\"Theta\", theta)\n",
    "        print(\"Variable de salida p\", p, \"X\", B_indices[p], \"sale de la base B\")\n",
    "        print(\"x_ini antes\", x_ini)\n",
    "        #Actualizaciones\n",
    "        x_ini = x_ini + theta*d\n",
    "        z = z + theta * r[i] \n",
    "        var_saliente, B_indices[p] = B_indices[p], q\n",
    "        N_ini.remove(q) \n",
    "        N_ini.append(var_saliente)\n",
    "        x_b = x_ini[B_indices]\n",
    "        B_inv = actualizacion_inversa(d_b,B_inv,p)\n",
    "        print(\"x_ini despues\", x_ini)\n",
    "        print(\"x_b\", x_b)\n",
    "        print(\"new_z\", z)\n",
    "        print(\"Variable de salida\", var_saliente)\n",
    "        print(\"B resultante\", B_indices)\n",
    "        print(\"N_ini\", N_ini)\n",
    "        iter += 1\n"
   ]
  },
  {
   "cell_type": "code",
   "execution_count": null,
   "metadata": {},
   "outputs": [],
   "source": [
    "def SimplexFaseI(A, b, c):\n",
    "    m, n = A.shape #las filas son m (el numero de restr.) y n son las columnas (num de variables)\n",
    "    A_inicial = añadir_variables_artificiales(A, b)\n",
    "    b_inicial = b \n",
    "    c_inicial = [0]*n + [1]*m \n",
    "    B_inicial = A_inicial[:,n:]\n",
    "    B_inversa = B_inicial\n",
    "    B_indices = list(i for i in range(n, n+m)) \n",
    "    print(\"Fase INICIAL\", A_inicial,b_inicial,c_inicial,B_inicial, B_indices)\n",
    "    B_indices_II, z_inicial, f,B_ini_II, B_inversa  = SimplexFaseII(A_inicial,b_inicial,c_inicial,B_inicial, B_indices, B_inversa)\n",
    "    if (z_inicial != 0):\n",
    "        print(\"NO FACTIBLE z no es 0 despues de la fase inicial\")\n",
    "        return None,None,None,False #sera no factible\n",
    "    print(\"respuesta solo fase inicial\", B_indices_II, z_inicial, f,B_ini_II)\n",
    "    print()\n",
    "    print()\n",
    "    print()\n",
    "\n",
    "    B_indices_opt, z , bool_acotado, B_optima, _ = SimplexFaseII(A,b,c,B_ini_II,B_indices_II,B_inversa)\n",
    "\n",
    "    return B_optima, z , bool_acotado, True\n",
    "\n"
   ]
  },
  {
   "cell_type": "markdown",
   "metadata": {},
   "source": [
    "## Problemas de Taisiia"
   ]
  },
  {
   "cell_type": "code",
   "execution_count": 12,
   "metadata": {},
   "outputs": [
    {
     "name": "stdout",
     "output_type": "stream",
     "text": [
      "Fase INICIAL [[  78   92    5   49  -89   45  -31   64   89   61   12    6  -35  -88\n",
      "     0    0    0    0    0    0    1    0    0    0    0    0    0    0\n",
      "     0    0]\n",
      " [  65 -100   97  -31   65   64   41   39  -36   64   91  -84 -100  -40\n",
      "     0    0    0    0    0    0    0    1    0    0    0    0    0    0\n",
      "     0    0]\n",
      " [  51  -15  -36   56   -9   -7   19   67  -23   88   -2   93  -74  -38\n",
      "     0    0    0    0    0    0    0    0    1    0    0    0    0    0\n",
      "     0    0]\n",
      " [ -25  -16   11   88   70  -69  -19   -8   63   -6   19  -98   75  -30\n",
      "     0    0    0    0    0    0    0    0    0    1    0    0    0    0\n",
      "     0    0]\n",
      " [  74   67   53   55   90   96   76   68   68   70   86   84   94   97\n",
      "     1    0    0    0    0    0    0    0    0    0    1    0    0    0\n",
      "     0    0]\n",
      " [ -54    6  -72   65   71   12    0  -62  -60   56   82   81  -83   -6\n",
      "     0    1    0    0    0    0    0    0    0    0    0    1    0    0\n",
      "     0    0]\n",
      " [  59   48  -16   61  -65  -58   -3  -46   80   74   74   74   -8    1\n",
      "     0    0    1    0    0    0    0    0    0    0    0    0    1    0\n",
      "     0    0]\n",
      " [ -42   97  -53  -74   55   -5   10  -99   58  -44   47   66    0   -4\n",
      "     0    0    0   -1    0    0    0    0    0    0    0    0    0    1\n",
      "     0    0]\n",
      " [ -25   20   57   45   56   90   -6  -73  -76   95   67  -27  -30  -65\n",
      "     0    0    0    0   -1    0    0    0    0    0    0    0    0    0\n",
      "     1    0]\n",
      " [  98   80  -58   81   -4  -13  -24  -24    7  -71   38   44   71  -69\n",
      "     0    0    0    0    0   -1    0    0    0    0    0    0    0    0\n",
      "     0    1]] [ 258  135  170   55 1079   37  276   11  127  155] [0, 0, 0, 0, 0, 0, 0, 0, 0, 0, 0, 0, 0, 0, 0, 0, 0, 0, 0, 0, 1, 1, 1, 1, 1, 1, 1, 1, 1, 1] [[1 0 0 0 0 0 0 0 0 0]\n",
      " [0 1 0 0 0 0 0 0 0 0]\n",
      " [0 0 1 0 0 0 0 0 0 0]\n",
      " [0 0 0 1 0 0 0 0 0 0]\n",
      " [0 0 0 0 1 0 0 0 0 0]\n",
      " [0 0 0 0 0 1 0 0 0 0]\n",
      " [0 0 0 0 0 0 1 0 0 0]\n",
      " [0 0 0 0 0 0 0 1 0 0]\n",
      " [0 0 0 0 0 0 0 0 1 0]\n",
      " [0 0 0 0 0 0 0 0 0 1]] [20, 21, 22, 23, 24, 25, 26, 27, 28, 29]\n",
      "ITERACION 1\n",
      "B_indices [20, 21, 22, 23, 24, 25, 26, 27, 28, 29]\n",
      "B_may [[1 0 0 0 0 0 0 0 0 0]\n",
      " [0 1 0 0 0 0 0 0 0 0]\n",
      " [0 0 1 0 0 0 0 0 0 0]\n",
      " [0 0 0 1 0 0 0 0 0 0]\n",
      " [0 0 0 0 1 0 0 0 0 0]\n",
      " [0 0 0 0 0 1 0 0 0 0]\n",
      " [0 0 0 0 0 0 1 0 0 0]\n",
      " [0 0 0 0 0 0 0 1 0 0]\n",
      " [0 0 0 0 0 0 0 0 1 0]\n",
      " [0 0 0 0 0 0 0 0 0 1]]\n",
      "A_n [[  78   92    5   49  -89   45  -31   64   89   61   12    6  -35  -88\n",
      "     0    0    0    0    0    0]\n",
      " [  65 -100   97  -31   65   64   41   39  -36   64   91  -84 -100  -40\n",
      "     0    0    0    0    0    0]\n",
      " [  51  -15  -36   56   -9   -7   19   67  -23   88   -2   93  -74  -38\n",
      "     0    0    0    0    0    0]\n",
      " [ -25  -16   11   88   70  -69  -19   -8   63   -6   19  -98   75  -30\n",
      "     0    0    0    0    0    0]\n",
      " [  74   67   53   55   90   96   76   68   68   70   86   84   94   97\n",
      "     1    0    0    0    0    0]\n",
      " [ -54    6  -72   65   71   12    0  -62  -60   56   82   81  -83   -6\n",
      "     0    1    0    0    0    0]\n",
      " [  59   48  -16   61  -65  -58   -3  -46   80   74   74   74   -8    1\n",
      "     0    0    1    0    0    0]\n",
      " [ -42   97  -53  -74   55   -5   10  -99   58  -44   47   66    0   -4\n",
      "     0    0    0   -1    0    0]\n",
      " [ -25   20   57   45   56   90   -6  -73  -76   95   67  -27  -30  -65\n",
      "     0    0    0    0   -1    0]\n",
      " [  98   80  -58   81   -4  -13  -24  -24    7  -71   38   44   71  -69\n",
      "     0    0    0    0    0   -1]]\n",
      "cn [0 0 0 0 0 0 0 0 0 0 0 0 0 0 0 0 0 0 0 0]\n",
      "cb [1 1 1 1 1 1 1 1 1 1]\n",
      "Z 2303\n",
      "B_inversa [[1 0 0 0 0 0 0 0 0 0]\n",
      " [0 1 0 0 0 0 0 0 0 0]\n",
      " [0 0 1 0 0 0 0 0 0 0]\n",
      " [0 0 0 1 0 0 0 0 0 0]\n",
      " [0 0 0 0 1 0 0 0 0 0]\n",
      " [0 0 0 0 0 1 0 0 0 0]\n",
      " [0 0 0 0 0 0 1 0 0 0]\n",
      " [0 0 0 0 0 0 0 1 0 0]\n",
      " [0 0 0 0 0 0 0 0 1 0]\n",
      " [0 0 0 0 0 0 0 0 0 1]]\n",
      "coste reducido [-279 -279   12 -395 -240 -155  -63   74 -170 -387 -514 -239   90  242\n",
      "   -1   -1   -1    1    1    1]\n",
      "Variable q de entrada 10 x 10 sale de la base N\n",
      "direccion de descenso [-12 -91   2 -19 -86 -82 -74 -47 -67 -38]\n",
      "d [  0.   0.   0.   0.   0.   0.   0.   0.   0.   0.   1.   0.   0.   0.\n",
      "   0.   0.   0.   0.   0.   0. -12. -91.   2. -19. -86. -82. -74. -47.\n",
      " -67. -38.]\n",
      "Theta 0.23404255319148937\n",
      "Variable de salida p 7 X 27 sale de la base B\n",
      "x_ini antes [   0.    0.    0.    0.    0.    0.    0.    0.    0.    0.    0.    0.\n",
      "    0.    0.    0.    0.    0.    0.    0.    0.  258.  135.  170.   55.\n",
      " 1079.   37.  276.   11.  127.  155.]\n",
      "x_ini despues [0.00000000e+00 0.00000000e+00 0.00000000e+00 0.00000000e+00\n",
      " 0.00000000e+00 0.00000000e+00 0.00000000e+00 0.00000000e+00\n",
      " 0.00000000e+00 0.00000000e+00 2.34042553e-01 0.00000000e+00\n",
      " 0.00000000e+00 0.00000000e+00 0.00000000e+00 0.00000000e+00\n",
      " 0.00000000e+00 0.00000000e+00 0.00000000e+00 0.00000000e+00\n",
      " 2.55191489e+02 1.13702128e+02 1.70468085e+02 5.05531915e+01\n",
      " 1.05887234e+03 1.78085106e+01 2.58680851e+02 0.00000000e+00\n",
      " 1.11319149e+02 1.46106383e+02]\n",
      "x_b [2.55191489e+02 1.13702128e+02 1.70468085e+02 5.05531915e+01\n",
      " 1.05887234e+03 1.78085106e+01 2.58680851e+02 2.34042553e-01\n",
      " 1.11319149e+02 1.46106383e+02]\n",
      "new_z 2182.7021276595747\n",
      "Variable de salida 27\n",
      "B resultante [20, 21, 22, 23, 24, 25, 26, 10, 28, 29]\n",
      "N_ini [0, 1, 2, 3, 4, 5, 6, 7, 8, 9, 11, 12, 13, 14, 15, 16, 17, 18, 19, 27]\n",
      "ITERACION 2\n",
      "B_indices [20, 21, 22, 23, 24, 25, 26, 10, 28, 29]\n",
      "B_may [[ 1  0  0  0  0  0  0 12  0  0]\n",
      " [ 0  1  0  0  0  0  0 91  0  0]\n",
      " [ 0  0  1  0  0  0  0 -2  0  0]\n",
      " [ 0  0  0  1  0  0  0 19  0  0]\n",
      " [ 0  0  0  0  1  0  0 86  0  0]\n",
      " [ 0  0  0  0  0  1  0 82  0  0]\n",
      " [ 0  0  0  0  0  0  1 74  0  0]\n",
      " [ 0  0  0  0  0  0  0 47  0  0]\n",
      " [ 0  0  0  0  0  0  0 67  1  0]\n",
      " [ 0  0  0  0  0  0  0 38  0  1]]\n",
      "A_n [[  78   92    5   49  -89   45  -31   64   89   61    6  -35  -88    0\n",
      "     0    0    0    0    0    0]\n",
      " [  65 -100   97  -31   65   64   41   39  -36   64  -84 -100  -40    0\n",
      "     0    0    0    0    0    0]\n",
      " [  51  -15  -36   56   -9   -7   19   67  -23   88   93  -74  -38    0\n",
      "     0    0    0    0    0    0]\n",
      " [ -25  -16   11   88   70  -69  -19   -8   63   -6  -98   75  -30    0\n",
      "     0    0    0    0    0    0]\n",
      " [  74   67   53   55   90   96   76   68   68   70   84   94   97    1\n",
      "     0    0    0    0    0    0]\n",
      " [ -54    6  -72   65   71   12    0  -62  -60   56   81  -83   -6    0\n",
      "     1    0    0    0    0    0]\n",
      " [  59   48  -16   61  -65  -58   -3  -46   80   74   74   -8    1    0\n",
      "     0    1    0    0    0    0]\n",
      " [ -42   97  -53  -74   55   -5   10  -99   58  -44   66    0   -4    0\n",
      "     0    0   -1    0    0    1]\n",
      " [ -25   20   57   45   56   90   -6  -73  -76   95  -27  -30  -65    0\n",
      "     0    0    0   -1    0    0]\n",
      " [  98   80  -58   81   -4  -13  -24  -24    7  -71   44   71  -69    0\n",
      "     0    0    0    0   -1    0]]\n",
      "cn [0 0 0 0 0 0 0 0 0 0 0 0 0 0 0 0 0 0 0 1]\n",
      "cb [1 1 1 1 1 1 1 0 1 1]\n",
      "Z 2182.7021276595747\n",
      "B_inversa [[ 1.          0.          0.          0.          0.          0.\n",
      "   0.         -0.25531915  0.          0.        ]\n",
      " [ 0.          1.          0.          0.          0.          0.\n",
      "   0.         -1.93617021  0.          0.        ]\n",
      " [ 0.          0.          1.          0.          0.          0.\n",
      "   0.          0.04255319  0.          0.        ]\n",
      " [ 0.          0.          0.          1.          0.          0.\n",
      "   0.         -0.40425532  0.          0.        ]\n",
      " [ 0.          0.          0.          0.          1.          0.\n",
      "   0.         -1.82978723  0.          0.        ]\n",
      " [ 0.          0.          0.          0.          0.          1.\n",
      "   0.         -1.74468085  0.          0.        ]\n",
      " [ 0.          0.          0.          0.          0.          0.\n",
      "   1.         -1.57446809  0.          0.        ]\n",
      " [ 0.          0.          0.          0.          0.          0.\n",
      "   0.          0.0212766   0.          0.        ]\n",
      " [ 0.          0.          0.          0.          0.          0.\n",
      "   0.         -1.42553191  1.          0.        ]\n",
      " [ 0.          0.          0.          0.          0.          0.\n",
      "   0.         -0.80851064  0.          1.        ]]\n",
      "coste reducido [-7.38319149e+02  7.81808511e+02 -5.67617021e+02 -1.20427660e+03\n",
      "  3.61489362e+02 -2.09680851e+02  4.63617021e+01 -1.00868085e+03\n",
      "  4.64297872e+02 -8.68191489e+02  4.82787234e+02  9.00000000e+01\n",
      "  1.98255319e+02 -1.00000000e+00 -1.00000000e+00 -1.00000000e+00\n",
      " -9.93617021e+00  1.00000000e+00  1.00000000e+00  1.09361702e+01]\n",
      "Variable q de entrada 3 x 3 sale de la base N\n",
      "direccion de descenso [ -67.89361702 -112.27659574  -52.85106383 -117.91489362 -190.40425532\n",
      " -194.10638298 -177.5106383     1.57446809 -150.4893617  -140.82978723]\n",
      "d [   0.            0.            0.            1.            0.\n",
      "    0.            0.            0.            0.            0.\n",
      "    1.57446809    0.            0.            0.            0.\n",
      "    0.            0.            0.            0.            0.\n",
      "  -67.89361702 -112.27659574  -52.85106383 -117.91489362 -190.40425532\n",
      " -194.10638298 -177.5106383     0.         -150.4893617  -140.82978723]\n",
      "Theta 0.09174613613942781\n",
      "Variable de salida p 5 X 25 sale de la base B\n",
      "x_ini antes [0.00000000e+00 0.00000000e+00 0.00000000e+00 0.00000000e+00\n",
      " 0.00000000e+00 0.00000000e+00 0.00000000e+00 0.00000000e+00\n",
      " 0.00000000e+00 0.00000000e+00 2.34042553e-01 0.00000000e+00\n",
      " 0.00000000e+00 0.00000000e+00 0.00000000e+00 0.00000000e+00\n",
      " 0.00000000e+00 0.00000000e+00 0.00000000e+00 0.00000000e+00\n",
      " 2.55191489e+02 1.13702128e+02 1.70468085e+02 5.05531915e+01\n",
      " 1.05887234e+03 1.78085106e+01 2.58680851e+02 0.00000000e+00\n",
      " 1.11319149e+02 1.46106383e+02]\n",
      "x_ini despues [0.00000000e+00 0.00000000e+00 0.00000000e+00 9.17461361e-02\n",
      " 0.00000000e+00 0.00000000e+00 0.00000000e+00 0.00000000e+00\n",
      " 0.00000000e+00 0.00000000e+00 3.78493916e-01 0.00000000e+00\n",
      " 0.00000000e+00 0.00000000e+00 0.00000000e+00 0.00000000e+00\n",
      " 0.00000000e+00 0.00000000e+00 0.00000000e+00 0.00000000e+00\n",
      " 2.48962512e+02 1.03401184e+02 1.65619204e+02 3.97349556e+01\n",
      " 1.04140349e+03 0.00000000e+00 2.42394936e+02 0.00000000e+00\n",
      " 9.75123315e+01 1.33185794e+02]\n",
      "x_b [2.48962512e+02 1.03401184e+02 1.65619204e+02 3.97349556e+01\n",
      " 1.04140349e+03 9.17461361e-02 2.42394936e+02 3.78493916e-01\n",
      " 9.75123315e+01 1.33185794e+02]\n",
      "new_z 2072.2144031568564\n",
      "Variable de salida 25\n",
      "B resultante [20, 21, 22, 23, 24, 3, 26, 10, 28, 29]\n",
      "N_ini [0, 1, 2, 4, 5, 6, 7, 8, 9, 11, 12, 13, 14, 15, 16, 17, 18, 19, 27, 25]\n",
      "ITERACION 3\n",
      "B_indices [20, 21, 22, 23, 24, 3, 26, 10, 28, 29]\n",
      "B_may [[  1   0   0   0   0  49   0  12   0   0]\n",
      " [  0   1   0   0   0 -31   0  91   0   0]\n",
      " [  0   0   1   0   0  56   0  -2   0   0]\n",
      " [  0   0   0   1   0  88   0  19   0   0]\n",
      " [  0   0   0   0   1  55   0  86   0   0]\n",
      " [  0   0   0   0   0  65   0  82   0   0]\n",
      " [  0   0   0   0   0  61   1  74   0   0]\n",
      " [  0   0   0   0   0 -74   0  47   0   0]\n",
      " [  0   0   0   0   0  45   0  67   1   0]\n",
      " [  0   0   0   0   0  81   0  38   0   1]]\n",
      "A_n [[  78   92    5  -89   45  -31   64   89   61    6  -35  -88    0    0\n",
      "     0    0    0    0    0    0]\n",
      " [  65 -100   97   65   64   41   39  -36   64  -84 -100  -40    0    0\n",
      "     0    0    0    0    0    0]\n",
      " [  51  -15  -36   -9   -7   19   67  -23   88   93  -74  -38    0    0\n",
      "     0    0    0    0    0    0]\n",
      " [ -25  -16   11   70  -69  -19   -8   63   -6  -98   75  -30    0    0\n",
      "     0    0    0    0    0    0]\n",
      " [  74   67   53   90   96   76   68   68   70   84   94   97    1    0\n",
      "     0    0    0    0    0    0]\n",
      " [ -54    6  -72   71   12    0  -62  -60   56   81  -83   -6    0    1\n",
      "     0    0    0    0    1    0]\n",
      " [  59   48  -16  -65  -58   -3  -46   80   74   74   -8    1    0    0\n",
      "     1    0    0    0    0    0]\n",
      " [ -42   97  -53   55   -5   10  -99   58  -44   66    0   -4    0    0\n",
      "     0   -1    0    0    0    1]\n",
      " [ -25   20   57   56   90   -6  -73  -76   95  -27  -30  -65    0    0\n",
      "     0    0   -1    0    0    0]\n",
      " [  98   80  -58   -4  -13  -24  -24    7  -71   44   71  -69    0    0\n",
      "     0    0    0   -1    0    0]]\n",
      "cn [0 0 0 0 0 0 0 0 0 0 0 0 0 0 0 0 0 0 1 1]\n",
      "cb [1 1 1 1 1 0 1 0 1 1]\n",
      "Z 2072.2144031568564\n",
      "B_inversa [[ 1.          0.          0.          0.          0.         -0.34977529\n",
      "   0.          0.35492711  0.          0.        ]\n",
      " [ 0.          1.          0.          0.          0.         -0.57842815\n",
      "   0.         -0.9269977   0.          0.        ]\n",
      " [ 0.          0.          1.          0.          0.         -0.27227886\n",
      "   0.          0.5175929   0.          0.        ]\n",
      " [ 0.          0.          0.          1.          0.         -0.60747561\n",
      "   0.          0.65559575  0.          0.        ]\n",
      " [ 0.          0.          0.          0.          1.         -0.98092733\n",
      "   0.         -0.11838211  0.          0.        ]\n",
      " [ 0.          0.          0.          0.          0.          0.00515181\n",
      "   0.         -0.00898827  0.          0.        ]\n",
      " [ 0.          0.          0.          0.          0.         -0.91450181\n",
      "   1.          0.02104571  0.          0.        ]\n",
      " [ 0.          0.          0.          0.          0.          0.00811137\n",
      "   0.          0.00712485  0.          0.        ]\n",
      " [ 0.          0.          0.          0.          0.         -0.77529321\n",
      "   0.         -0.07289269  1.          0.        ]\n",
      " [ 0.          0.          0.          0.          0.         -0.72552888\n",
      "   0.          0.45730571  0.          1.        ]]\n",
      "coste reducido [-6.18723117e+02 -2.30929628e+02 -4.40628741e+02  2.06648142e+02\n",
      " -8.11085169e+01 -6.18819467e+01 -3.21729694e+02 -5.35767840e+02\n",
      " -4.44837225e+01  2.70920092e+02 -4.24949359e+02  2.04327524e+02\n",
      " -1.00000000e+00  5.20420914e+00 -1.00000000e+00  8.88194673e-01\n",
      "  1.00000000e+00  1.00000000e+00  6.20420914e+00  1.11805327e-01]\n",
      "Variable q de entrada 0 x 0 sale de la base N\n",
      "direccion de descenso [-8.19809273e+01 -1.35169023e+02 -4.39641565e+01  1.97313384e+01\n",
      " -1.31942124e+02 -9.93094377e-02 -1.07499178e+02  7.37257481e-01\n",
      " -1.99273265e+01 -1.17971720e+02]\n",
      "d [ 1.00000000e+00  0.00000000e+00  0.00000000e+00 -9.93094377e-02\n",
      "  0.00000000e+00  0.00000000e+00  0.00000000e+00  0.00000000e+00\n",
      "  0.00000000e+00  0.00000000e+00  7.37257481e-01  0.00000000e+00\n",
      "  0.00000000e+00  0.00000000e+00  0.00000000e+00  0.00000000e+00\n",
      "  0.00000000e+00  0.00000000e+00  0.00000000e+00  0.00000000e+00\n",
      " -8.19809273e+01 -1.35169023e+02 -4.39641565e+01  1.97313384e+01\n",
      " -1.31942124e+02  0.00000000e+00 -1.07499178e+02  0.00000000e+00\n",
      " -1.99273265e+01 -1.17971720e+02]\n",
      "Theta 0.7649769248921663\n",
      "Variable de salida p 1 X 21 sale de la base B\n",
      "x_ini antes [0.00000000e+00 0.00000000e+00 0.00000000e+00 9.17461361e-02\n",
      " 0.00000000e+00 0.00000000e+00 0.00000000e+00 0.00000000e+00\n",
      " 0.00000000e+00 0.00000000e+00 3.78493916e-01 0.00000000e+00\n",
      " 0.00000000e+00 0.00000000e+00 0.00000000e+00 0.00000000e+00\n",
      " 0.00000000e+00 0.00000000e+00 0.00000000e+00 0.00000000e+00\n",
      " 2.48962512e+02 1.03401184e+02 1.65619204e+02 3.97349556e+01\n",
      " 1.04140349e+03 0.00000000e+00 2.42394936e+02 0.00000000e+00\n",
      " 9.75123315e+01 1.33185794e+02]\n",
      "x_ini despues [7.64976925e-01 0.00000000e+00 0.00000000e+00 1.57767079e-02\n",
      " 0.00000000e+00 0.00000000e+00 0.00000000e+00 0.00000000e+00\n",
      " 0.00000000e+00 0.00000000e+00 9.42478877e-01 0.00000000e+00\n",
      " 0.00000000e+00 0.00000000e+00 0.00000000e+00 0.00000000e+00\n",
      " 0.00000000e+00 0.00000000e+00 0.00000000e+00 0.00000000e+00\n",
      " 1.86248995e+02 0.00000000e+00 1.31987639e+02 5.48289742e+01\n",
      " 9.40470805e+02 0.00000000e+00 1.60160545e+02 0.00000000e+00\n",
      " 8.22683865e+01 4.29401507e+01]\n",
      "x_b [1.86248995e+02 7.64976925e-01 1.31987639e+02 5.48289742e+01\n",
      " 9.40470805e+02 1.57767079e-02 1.60160545e+02 9.42478877e-01\n",
      " 8.22683865e+01 4.29401507e+01]\n",
      "new_z 1598.9054954518804\n",
      "Variable de salida 21\n",
      "B resultante [20, 0, 22, 23, 24, 3, 26, 10, 28, 29]\n",
      "N_ini [1, 2, 4, 5, 6, 7, 8, 9, 11, 12, 13, 14, 15, 16, 17, 18, 19, 25, 27, 21]\n",
      "ITERACION 4\n",
      "B_indices [20, 0, 22, 23, 24, 3, 26, 10, 28, 29]\n",
      "B_may [[  1  78   0   0   0  49   0  12   0   0]\n",
      " [  0  65   0   0   0 -31   0  91   0   0]\n",
      " [  0  51   1   0   0  56   0  -2   0   0]\n",
      " [  0 -25   0   1   0  88   0  19   0   0]\n",
      " [  0  74   0   0   1  55   0  86   0   0]\n",
      " [  0 -54   0   0   0  65   0  82   0   0]\n",
      " [  0  59   0   0   0  61   1  74   0   0]\n",
      " [  0 -42   0   0   0 -74   0  47   0   0]\n",
      " [  0 -25   0   0   0  45   0  67   1   0]\n",
      " [  0  98   0   0   0  81   0  38   0   1]]\n",
      "A_n [[  92    5  -89   45  -31   64   89   61    6  -35  -88    0    0    0\n",
      "     0    0    0    0    0    0]\n",
      " [-100   97   65   64   41   39  -36   64  -84 -100  -40    0    0    0\n",
      "     0    0    0    1    0    0]\n",
      " [ -15  -36   -9   -7   19   67  -23   88   93  -74  -38    0    0    0\n",
      "     0    0    0    0    0    0]\n",
      " [ -16   11   70  -69  -19   -8   63   -6  -98   75  -30    0    0    0\n",
      "     0    0    0    0    0    0]\n",
      " [  67   53   90   96   76   68   68   70   84   94   97    1    0    0\n",
      "     0    0    0    0    0    0]\n",
      " [   6  -72   71   12    0  -62  -60   56   81  -83   -6    0    1    0\n",
      "     0    0    0    0    1    0]\n",
      " [  48  -16  -65  -58   -3  -46   80   74   74   -8    1    0    0    1\n",
      "     0    0    0    0    0    0]\n",
      " [  97  -53   55   -5   10  -99   58  -44   66    0   -4    0    0    0\n",
      "    -1    0    0    0    0    1]\n",
      " [  20   57   56   90   -6  -73  -76   95  -27  -30  -65    0    0    0\n",
      "     0   -1    0    0    0    0]\n",
      " [  80  -58   -4  -13  -24  -24    7  -71   44   71  -69    0    0    0\n",
      "     0    0   -1    0    0    0]]\n",
      "cn [0 0 0 0 0 0 0 0 0 0 0 0 0 0 0 0 0 1 1 1]\n",
      "cb [1 0 1 1 1 0 1 0 1 1]\n",
      "Z 1598.9054954518801\n",
      "B_inversa [[ 1.00000000e+00 -6.06506767e-01  0.00000000e+00  0.00000000e+00\n",
      "   0.00000000e+00  1.04529306e-03  0.00000000e+00  9.17157484e-01\n",
      "   0.00000000e+00  0.00000000e+00]\n",
      " [ 0.00000000e+00  7.39814475e-03  0.00000000e+00  0.00000000e+00\n",
      "   0.00000000e+00 -4.27929517e-03  0.00000000e+00 -6.85806315e-03\n",
      "   0.00000000e+00  0.00000000e+00]\n",
      " [ 0.00000000e+00 -3.25253194e-01  1.00000000e+00  0.00000000e+00\n",
      "   0.00000000e+00 -8.41432530e-02  0.00000000e+00  8.19101859e-01\n",
      "   0.00000000e+00  0.00000000e+00]\n",
      " [ 0.00000000e+00  1.45975297e-01  0.00000000e+00  1.00000000e+00\n",
      "   0.00000000e+00 -6.91911832e-01  0.00000000e+00  5.20276982e-01\n",
      "   0.00000000e+00  0.00000000e+00]\n",
      " [ 0.00000000e+00 -9.76126934e-01  0.00000000e+00  0.00000000e+00\n",
      "   1.00000000e+00 -4.16308031e-01  0.00000000e+00  7.86485310e-01\n",
      "   0.00000000e+00  0.00000000e+00]\n",
      " [ 0.00000000e+00 -7.34705595e-04  0.00000000e+00  0.00000000e+00\n",
      "   0.00000000e+00  5.57678849e-03  0.00000000e+00 -8.30720101e-03\n",
      "   0.00000000e+00  0.00000000e+00]\n",
      " [ 0.00000000e+00 -7.95294478e-01  0.00000000e+00  0.00000000e+00\n",
      "   0.00000000e+00 -4.54481096e-01  1.00000000e+00  7.58281859e-01\n",
      "   0.00000000e+00  0.00000000e+00]\n",
      " [ 0.00000000e+00  5.45433756e-03  0.00000000e+00  0.00000000e+00\n",
      "   0.00000000e+00  4.95642450e-03  0.00000000e+00  2.06869092e-03\n",
      "   0.00000000e+00  0.00000000e+00]\n",
      " [ 0.00000000e+00 -1.47425246e-01  0.00000000e+00  0.00000000e+00\n",
      "   0.00000000e+00 -6.90018303e-01  0.00000000e+00  6.37701750e-02\n",
      "   1.00000000e+00  0.00000000e+00]\n",
      " [ 0.00000000e+00 -8.72771859e-01  0.00000000e+00  0.00000000e+00\n",
      "   0.00000000e+00 -2.20693072e-01  0.00000000e+00  1.26636322e+00\n",
      "   0.00000000e+00  1.00000000e+00]]\n",
      "coste reducido [-1.11615063e+03  4.18905522e+02  8.28144090e+01  2.01289112e+02\n",
      "  8.33591616e+01  4.41027337e+02 -7.87800471e+02  2.86901603e+02\n",
      " -6.08099368e+02 -6.62930672e+02  5.40905585e+01 -1.00000000e+00\n",
      "  2.55651029e+00 -1.00000000e+00  5.13143688e+00  1.00000000e+00\n",
      "  1.00000000e+00  4.57740318e+00  3.55651029e+00 -4.13143688e+00]\n",
      "Variable q de entrada 0 x 1 sale de la base N\n",
      "direccion de descenso [-241.6212244     1.43072237  -96.47334016  -15.71786656 -238.40392021\n",
      "    0.69886721 -198.35590161    0.31503219  -36.78812177 -288.79025939]\n",
      "d [   1.43072237    1.            0.            0.69886721    0.\n",
      "    0.            0.            0.            0.            0.\n",
      "    0.31503219    0.            0.            0.            0.\n",
      "    0.            0.            0.            0.            0.\n",
      " -241.6212244     0.          -96.47334016  -15.71786656 -238.40392021\n",
      "    0.         -198.35590161    0.          -36.78812177 -288.79025939]\n",
      "Theta 0.14868974728527687\n",
      "Variable de salida p 9 X 29 sale de la base B\n",
      "x_ini antes [7.64976925e-01 0.00000000e+00 0.00000000e+00 1.57767079e-02\n",
      " 0.00000000e+00 0.00000000e+00 0.00000000e+00 0.00000000e+00\n",
      " 0.00000000e+00 0.00000000e+00 9.42478877e-01 0.00000000e+00\n",
      " 0.00000000e+00 0.00000000e+00 0.00000000e+00 0.00000000e+00\n",
      " 0.00000000e+00 0.00000000e+00 0.00000000e+00 0.00000000e+00\n",
      " 1.86248995e+02 0.00000000e+00 1.31987639e+02 5.48289742e+01\n",
      " 9.40470805e+02 0.00000000e+00 1.60160545e+02 0.00000000e+00\n",
      " 8.22683865e+01 4.29401507e+01]\n",
      "x_ini despues [ 9.77710673e-01  1.48689747e-01  0.00000000e+00  1.19691096e-01\n",
      "  0.00000000e+00  0.00000000e+00  0.00000000e+00  0.00000000e+00\n",
      "  0.00000000e+00  0.00000000e+00  9.89320934e-01  0.00000000e+00\n",
      "  0.00000000e+00  0.00000000e+00  0.00000000e+00  0.00000000e+00\n",
      "  0.00000000e+00  0.00000000e+00  0.00000000e+00  0.00000000e+00\n",
      "  1.50322396e+02  0.00000000e+00  1.17643042e+02  5.24918886e+01\n",
      "  9.05022587e+02  0.00000000e+00  1.30667056e+02  0.00000000e+00\n",
      "  7.67983700e+01 -7.10542736e-15]\n",
      "x_b [1.50322396e+02 9.77710673e-01 1.17643042e+02 5.24918886e+01\n",
      " 9.05022587e+02 1.19691096e-01 1.30667056e+02 9.89320934e-01\n",
      " 7.67983700e+01 1.48689747e-01]\n",
      "new_z 1432.9453397338646\n",
      "Variable de salida 29\n",
      "B resultante [20, 0, 22, 23, 24, 3, 26, 10, 28, 1]\n",
      "N_ini [2, 4, 5, 6, 7, 8, 9, 11, 12, 13, 14, 15, 16, 17, 18, 19, 21, 25, 27, 29]\n",
      "ITERACION 5\n",
      "B_indices [20, 0, 22, 23, 24, 3, 26, 10, 28, 1]\n",
      "B_may [[   1   78    0    0    0   49    0   12    0   92]\n",
      " [   0   65    0    0    0  -31    0   91    0 -100]\n",
      " [   0   51    1    0    0   56    0   -2    0  -15]\n",
      " [   0  -25    0    1    0   88    0   19    0  -16]\n",
      " [   0   74    0    0    1   55    0   86    0   67]\n",
      " [   0  -54    0    0    0   65    0   82    0    6]\n",
      " [   0   59    0    0    0   61    1   74    0   48]\n",
      " [   0  -42    0    0    0  -74    0   47    0   97]\n",
      " [   0  -25    0    0    0   45    0   67    1   20]\n",
      " [   0   98    0    0    0   81    0   38    0   80]]\n",
      "A_n [[   5  -89   45  -31   64   89   61    6  -35  -88    0    0    0    0\n",
      "     0    0    0    0    0    0]\n",
      " [  97   65   64   41   39  -36   64  -84 -100  -40    0    0    0    0\n",
      "     0    0    1    0    0    0]\n",
      " [ -36   -9   -7   19   67  -23   88   93  -74  -38    0    0    0    0\n",
      "     0    0    0    0    0    0]\n",
      " [  11   70  -69  -19   -8   63   -6  -98   75  -30    0    0    0    0\n",
      "     0    0    0    0    0    0]\n",
      " [  53   90   96   76   68   68   70   84   94   97    1    0    0    0\n",
      "     0    0    0    0    0    0]\n",
      " [ -72   71   12    0  -62  -60   56   81  -83   -6    0    1    0    0\n",
      "     0    0    0    1    0    0]\n",
      " [ -16  -65  -58   -3  -46   80   74   74   -8    1    0    0    1    0\n",
      "     0    0    0    0    0    0]\n",
      " [ -53   55   -5   10  -99   58  -44   66    0   -4    0    0    0   -1\n",
      "     0    0    0    0    1    0]\n",
      " [  57   56   90   -6  -73  -76   95  -27  -30  -65    0    0    0    0\n",
      "    -1    0    0    0    0    0]\n",
      " [ -58   -4  -13  -24  -24    7  -71   44   71  -69    0    0    0    0\n",
      "     0   -1    0    0    0    1]]\n",
      "cn [0 0 0 0 0 0 0 0 0 0 0 0 0 0 0 0 1 1 1 1]\n",
      "cb [1 0 1 1 1 0 1 0 1 0]\n",
      "Z 1432.9453397338648\n",
      "B_inversa [[ 1.00000000e+00  1.23712478e-01  0.00000000e+00  0.00000000e+00\n",
      "   0.00000000e+00  1.85691861e-01  0.00000000e+00 -1.42366585e-01\n",
      "   0.00000000e+00 -8.36666808e-01]\n",
      " [ 0.00000000e+00  3.07426545e-03  0.00000000e+00  0.00000000e+00\n",
      "   0.00000000e+00 -5.37265101e-03  0.00000000e+00 -5.84256734e-04\n",
      "   0.00000000e+00  4.95419193e-03]\n",
      " [ 0.00000000e+00 -3.36948265e-02  1.00000000e+00  0.00000000e+00\n",
      "   0.00000000e+00 -1.04184747e-02  0.00000000e+00  3.96060273e-01\n",
      "   0.00000000e+00 -3.34060229e-01]\n",
      " [ 0.00000000e+00  1.93477286e-01  0.00000000e+00  1.00000000e+00\n",
      "   0.00000000e+00 -6.79900263e-01  0.00000000e+00  4.51353162e-01\n",
      "   0.00000000e+00 -5.44265814e-02]\n",
      " [ 0.00000000e+00 -2.55630913e-01  0.00000000e+00  0.00000000e+00\n",
      "   1.00000000e+00 -2.34120122e-01  0.00000000e+00 -2.58930681e-01\n",
      "   0.00000000e+00 -8.25526182e-01]\n",
      " [ 0.00000000e+00 -2.84679772e-03  0.00000000e+00  0.00000000e+00\n",
      "   0.00000000e+00  5.04271525e-03  0.00000000e+00 -5.24262492e-03\n",
      "   0.00000000e+00  2.41998192e-03]\n",
      " [ 0.00000000e+00 -1.95830184e-01  0.00000000e+00  0.00000000e+00\n",
      "   0.00000000e+00 -3.02897821e-01  1.00000000e+00 -1.11521083e-01\n",
      "   0.00000000e+00 -6.86851080e-01]\n",
      " [ 0.00000000e+00  4.50225825e-03  0.00000000e+00  0.00000000e+00\n",
      "   0.00000000e+00  4.71567738e-03  0.00000000e+00  3.45012663e-03\n",
      "   0.00000000e+00  1.09086848e-03]\n",
      " [ 0.00000000e+00 -3.62454664e-02  0.00000000e+00  0.00000000e+00\n",
      "   0.00000000e+00 -6.61904877e-01  0.00000000e+00 -9.75480228e-02\n",
      "   1.00000000e+00 -1.27386990e-01]\n",
      " [ 0.00000000e+00 -3.02216516e-03  0.00000000e+00  0.00000000e+00\n",
      "   0.00000000e+00 -7.64198463e-04  0.00000000e+00  4.38506208e-03\n",
      "   0.00000000e+00  3.46272067e-03]]\n",
      "coste reducido [-3.30448792e+02  5.67285240e+01 -9.95465566e+01 -9.87558229e+01\n",
      " -2.14946197e+02 -3.04258905e+02 -4.66510771e+02  9.92450289e+01\n",
      "  1.95933815e+01 -9.21209079e+01 -1.00000000e+00  1.70354970e+00\n",
      " -1.00000000e+00  2.37047064e-01  1.00000000e+00 -2.86491787e+00\n",
      "  1.20421163e+00  2.70354970e+00  7.62952936e-01  3.86491787e+00]\n",
      "Variable q de entrada 6 x 9 sale de la base N\n",
      "direccion de descenso [-144.98381592    0.4301558   -91.55172074   47.68712024 -110.53420359\n",
      "   -0.15905378  -98.17794461   -0.32296523  -68.95020632    0.67500958]\n",
      "d [   0.4301558     0.67500958    0.           -0.15905378    0.\n",
      "    0.            0.            0.            0.            1.\n",
      "   -0.32296523    0.            0.            0.            0.\n",
      "    0.            0.            0.            0.            0.\n",
      " -144.98381592    0.          -91.55172074   47.68712024 -110.53420359\n",
      "    0.          -98.17794461    0.          -68.95020632    0.        ]\n",
      "Theta 0.752519659930872\n",
      "Variable de salida p 5 X 3 sale de la base B\n",
      "x_ini antes [ 9.77710673e-01  1.48689747e-01  0.00000000e+00  1.19691096e-01\n",
      "  0.00000000e+00  0.00000000e+00  0.00000000e+00  0.00000000e+00\n",
      "  0.00000000e+00  0.00000000e+00  9.89320934e-01  0.00000000e+00\n",
      "  0.00000000e+00  0.00000000e+00  0.00000000e+00  0.00000000e+00\n",
      "  0.00000000e+00  0.00000000e+00  0.00000000e+00  0.00000000e+00\n",
      "  1.50322396e+02  0.00000000e+00  1.17643042e+02  5.24918886e+01\n",
      "  9.05022587e+02  0.00000000e+00  1.30667056e+02  0.00000000e+00\n",
      "  7.67983700e+01 -7.10542736e-15]\n",
      "x_ini despues [ 1.30141137e+00  6.56647729e-01  0.00000000e+00 -1.38777878e-17\n",
      "  0.00000000e+00  0.00000000e+00  0.00000000e+00  0.00000000e+00\n",
      "  0.00000000e+00  7.52519660e-01  7.46283250e-01  0.00000000e+00\n",
      "  0.00000000e+00  0.00000000e+00  0.00000000e+00  0.00000000e+00\n",
      "  0.00000000e+00  0.00000000e+00  0.00000000e+00  0.00000000e+00\n",
      "  4.12192240e+01  0.00000000e+00  4.87485726e+01  8.83773841e+01\n",
      "  8.21843425e+02  0.00000000e+00  5.67862230e+01  0.00000000e+00\n",
      "  2.49119841e+01 -7.10542736e-15]\n",
      "x_b [4.12192240e+01 1.30141137e+00 4.87485726e+01 8.83773841e+01\n",
      " 8.21843425e+02 7.52519660e-01 5.67862230e+01 7.46283250e-01\n",
      " 2.49119841e+01 6.56647729e-01]\n",
      "new_z 1081.8868130261367\n",
      "Variable de salida 3\n",
      "B resultante [20, 0, 22, 23, 24, 9, 26, 10, 28, 1]\n",
      "N_ini [2, 4, 5, 6, 7, 8, 11, 12, 13, 14, 15, 16, 17, 18, 19, 21, 25, 27, 29, 3]\n",
      "ITERACION 6\n",
      "B_indices [20, 0, 22, 23, 24, 9, 26, 10, 28, 1]\n",
      "B_may [[   1   78    0    0    0   61    0   12    0   92]\n",
      " [   0   65    0    0    0   64    0   91    0 -100]\n",
      " [   0   51    1    0    0   88    0   -2    0  -15]\n",
      " [   0  -25    0    1    0   -6    0   19    0  -16]\n",
      " [   0   74    0    0    1   70    0   86    0   67]\n",
      " [   0  -54    0    0    0   56    0   82    0    6]\n",
      " [   0   59    0    0    0   74    1   74    0   48]\n",
      " [   0  -42    0    0    0  -44    0   47    0   97]\n",
      " [   0  -25    0    0    0   95    0   67    1   20]\n",
      " [   0   98    0    0    0  -71    0   38    0   80]]\n",
      "A_n [[   5   49  -89   45  -31   64   89    6  -35  -88    0    0    0    0\n",
      "     0    0    0    0    0    0]\n",
